[468927 462673 468211 460746 454394 452973 452219 457737 456655 455917
 458224 457759 454289 457105 454416 451739 452129 444495 448799 452483
 453577 451258 450654 449184 450810 451082 453315 447087 445336 447024
 447012 449094 449812 449202 450014 454858 447324 447676 449878 444300
 446509 446736 450221 447166 445802 448300 443198 444382 443148 446312
 446461 445436 441749 447037 443974 440247 447932 444665 446148 445485
 442894 443480 444182 443579 442569 447348 434261 438515 441614 443957
 439482 442670 441008 439045 438331 438924 437693 438822 436786 437248
 438071 439957 440214 439418 435521 435134 434730 438579 438636 440426
 436624 435185 434405 436337 436422 433298 440898 439714 438954 396233
      0      2      1      5      2      4      5      1      1      1
      1      0      1      0      1      3      0      2      1      1
      2      1      2      2      2      3      4      2      3      2
      3      2      1      0      0      1      2      1      1      3
      1      1      5      2      2      2      1      1      0      3
      2      2      1      5      2      1      2      3      0      2
      2      3      3      1      2      1      3      0      1      6
      3      1      1      1      0      2      4      1      2      2
      4      3      0      0      3      1      2      4      4      0
      1      0      1      2      1      1      2      0      1      5
      2      1      3      1      2      0      4      0      1      0
      0      2      1      2      1      1      0      3      2      2
      3      1      5      1      0      3      3      1      1      2
      2      0      1      0      1      1      1      2      1      1
      1      1      2      0      2      1      2      1      1      0
      3      2      0      0      0      1      3      2      1      3
      0      1      0      3      1      1      2      4      1      2
      0      2      1      3      2      1      3      0      3      1
      1      0      1      0      0      2      0      0      1      1
      1      4      0      1      1      3      2      3      1      2
      0      1      1      1      0      0      3      2      0      1
      1      0      1      3      1      3      1      2      1      2
      2      0      1      4      0      0      2      1      1      1
      0      0      0      1      1      1      3      1      1      1
      0      0      4      0      1      0      2      2      2      0
      2      3      2      0      2      0      3      2      3      1
      2      2      5      2      1      3      1      2      3      2
      3      0      2      2      1      2      3      5      2      4
      2      0      1      2      0      0      4      0      0      0
      3      1      2      0      2      1      3      0      2      1
      1      0      2      1      2      1      1      0      1      0
      2      2      3      2      2      2      0      3      0      1
      0      0      3      3      0      1      1      4      1      5
      3      2      1      3      2      1      2      2      2      3
      1      0      1      1      0      3      2      0      1      3
      2      0      1      3      1      3      0      2      4      4
      1      2      2      1      1      1      2      2      1      2
      2      2      4      2      2      1      2      2      2      1
      3      3      0      0      1      2      0      2      1      3
      3      2      0      3      2      0      0      0      2      3
      2      0      1      1      1      3      4      2      2      2
      0      2      1      2      0      1      0      0      1      2
      2      1      4      0      1      2      1      0      3      1
      0      5      2      0      1      0      2      0      1      1
      1      1      3      1      1      4      1      1      1      1
      3      5      0      1      1      4      1      0      1      2
      2      2      1      0      1      4      1      2      2      2
      1      2      1      1      1      3      3      0      4      2
      2      0      3      0      4      1      1      0      2      2
      2      2      1      1      3      1      1      1      1      3
      2      2      0      1      1      0      1      1      0      1
      2      2      4      1      3      1      0      2      2      1
      2      1      3      0      3      0      3      1      1      2
      0      2      2      1      5      0      2      1      3      0
      1      3      2      3      1      0      2      1      2      1
      2      1      2      3      2      2      2      2      2      0
      1      1      1      2      1      1      1      0      1      2
      0      0      1      3      1      4      1      0      3      1
      1      2      2      0      2      0      2      1      1      2
      1      3      1      2      1      2      1      3      3      3
      1      2      1      1      2      1      2      1      0      1
      3      2      1      2      3      1      0      0      0      3
      0      3      1      2      1      1      4      3      1      4
      2      3      1      0      0      0      1      1      0      0
      4      0      1      0      1      0      2      3      2      4
      1      0      0      2      1      0      2      2      2      2
      0      1      2      3      0      2      0      0      1      2
      1      1      2      0      0      3      3      1      0      0
      2      2      0      1      2      1      0      0      0      2
      2      1      0      0      0      1      1      5      1      1
      3      0      2      0      2      2      1      0      1      2
      2      3      2      3      1      0      0      1      2      2
      1      2      0      1      2      1      3      0      1      1
      2      2      5      2      0      1      2      1      2      0
      1      0      1      1      1      1      0      1      3      2
      2      3      1      2      1      1      0      1      1      4
      2      0      2      1      2      1      1      2      4      1
      1      1      1      0      0      1      1      2      1      3
      0      0      2      2      0      2      2      2      2      0
      4      2      3      2      0      0      1      0      3      1
      0      2      2      1      1      1      2      2      0      4
      3      1      1      0      2      1      0      2      2      1
      2      0      0      0      2      1      2      2      2      2
      1      2      2      1      1      3      4      2      1      1
      0      2      2      1      3      0      0      0      1      0
      2      1      1      3      0      3      0      0      2      3
      1      2      0      1      3      1      0      1      3      3
      2      3      3      1      1      2      1      3      2      3
      1      0      0      3      0      2      1      3      2      1
      2      3      3      3      1      1      0      4      1]
