




[4631443 4572162 4541147 4528613 4502237 4487485 4459655 4427915 4421711
 3970091      23      11      25      12      19      21      22      20
      15      16      13      16      18      11      13      11      17
      15       9      15       9      16       9      13      14      22
      18      22      11      13      12      14      23      15      16
      19      19      16      18      10      19      11      16      11
      18      14      17      22      14      13      15      15      17
      16      17      14      13      12      17      17      16      15
      15       9      15      14      13       9       7      17      15
      14      16       9      16      16      12      14      14      15
      14      13      19      10      12      15      22      15      19]













